item                                     mean     stderr   stddev   median   95%HPDlo 95%HPDup ACT      ESS      geometric-mean 
posterior                                -8995.74 0.173141 11.63599 -8995.50 -9017.98 -8972.28 39855.48 4516.568 NaN     
likelihood                               -8603.53 0.168165 10.45534 -8603.30 -8624.11 -8583.24 46568.55 3865.484 NaN     
prior                                    -392.204 0.070458 5.136071 -391.944 -402.284 -382.079 33876.26 5313.749 NaN     
treeLikelihood.all                       -100.143 0.009771 0.933839 -100.070 -101.967 -98.3824 19707.18 9134.23  NaN     
treeLikelihood.arm                       -79.2220 0.012134 1.216496 -79.1496 -81.4689 -76.7517 17909.22 10051.24 NaN     
treeLikelihood.ash                       -73.5929 0.009371 1.064451 -73.5382 -75.6594 -71.5491 13950.70 12903.29 NaN     
treeLikelihood.bark                      -75.6504 0.013391 1.3094   -75.6444 -78.2525 -72.9396 18827.36 9561.081 NaN     
treeLikelihood.belly                     -103.998 0.013767 1.29717  -103.934 -106.450 -101.391 20274.57 8878.606 NaN     
treeLikelihood.big                       -78.8589 0.014246 1.363311 -78.8765 -81.4497 -76.0645 19654.52 9158.704 NaN     
treeLikelihood.bird                      -91.2825 0.008983 0.909266 -91.2196 -93.0959 -89.5919 17570.92 10244.76 NaN     
treeLikelihood.bite                      -22.7632 0.010632 0.779944 -22.6931 -24.3028 -21.3277 33448.77 5381.662 NaN     
treeLikelihood.black                     -72.1177 0.009008 1.06148  -72.0504 -74.2452 -70.1265 12964.95 13884.35 NaN     
treeLikelihood.blood                     -53.5705 0.014043 1.237573 -53.4281 -56.2534 -51.4916 23179.05 7766.061 NaN     
treeLikelihood.bone                      -41.7064 0.008399 0.860904 -41.6382 -43.3784 -40.0945 17134.87 10505.47 NaN     
treeLikelihood.breast                    -31.9847 0.023394 1.893404 -31.6703 -35.2274 -28.8299 27480.81 6550.387 NaN     
treeLikelihood.burn                      -93.3476 0.011746 1.198076 -93.2730 -95.6986 -91.0340 17302.22 10403.86 NaN     
treeLikelihood.claw_nail                 -37.7345 0.009426 0.932729 -37.6806 -39.6329 -36.0112 18383.62 9791.865 NaN     
treeLikelihood.cloud                     -107.457 0.011112 1.137118 -107.403 -109.706 -105.288 17188.75 10472.54 NaN     
treeLikelihood.cold                      -71.3626 0.010576 1.122835 -71.3167 -73.4842 -69.1045 15970.32 11271.52 NaN     
treeLikelihood.come                      -118.708 0.01144  1.176089 -118.649 -121.082 -116.525 17033.00 10568.30 NaN     
treeLikelihood.die                       -70.7862 0.010567 1.183635 -70.7183 -73.1405 -68.5252 14346.24 12547.53 NaN     
treeLikelihood.dirty                     -121.051 0.01375  1.29515  -120.978 -123.579 -118.543 20287.62 8872.894 NaN     
treeLikelihood.dog                       -93.0246 0.011157 1.27482  -92.9834 -95.5641 -90.5658 13788.33 13055.23 NaN     
treeLikelihood.drink                     -71.6162 0.011585 1.213443 -71.5599 -73.9708 -69.2220 16408.58 10970.47 NaN     
treeLikelihood.dry                       -29.5917 0.008122 0.759173 -29.5188 -31.0370 -28.1650 20602.27 8737.385 NaN     
treeLikelihood.ear                       -30.6761 0.01246  0.836801 -30.5658 -32.3481 -29.1922 39911.23 4510.259 NaN     
treeLikelihood.earth                     -57.1164 0.009009 0.952725 -57.0409 -58.9867 -55.3063 16095.49 11183.87 NaN     
treeLikelihood.eat                       -54.4610 0.009211 0.948626 -54.3817 -56.3012 -52.6832 16971.87 10606.37 NaN     
treeLikelihood.egg                       -60.9217 0.013349 1.246461 -60.9635 -63.3363 -58.3071 20645.11 8719.255 NaN     
treeLikelihood.eye                       -30.4089 0.010163 0.864813 -30.3172 -32.1040 -28.8430 24860.61 7240.770 NaN     
treeLikelihood.feather                   -94.6851 0.013782 1.492538 -94.5879 -97.6454 -91.9107 15348.01 11728.55 NaN     
treeLikelihood.fire                      -63.5295 0.009875 1.107377 -63.4688 -65.6536 -61.3112 14313.41 12576.31 NaN     
treeLikelihood.fish                      -45.4352 0.012855 1.201267 -45.3611 -47.7966 -43.1953 20614.77 8732.085 NaN     
treeLikelihood.five                      -75.9450 0.008799 0.980317 -75.8648 -77.9737 -74.1689 14503.20 12411.74 NaN     
treeLikelihood.fly                       -68.0028 0.009131 0.969302 -67.9341 -69.8983 -66.1893 15973.13 11269.54 NaN     
treeLikelihood.foot                      -92.5064 0.01285  1.149502 -92.4461 -94.7334 -90.2974 22494.50 8002.399 NaN     
treeLikelihood.four                      -67.8507 0.009535 1.050844 -67.7889 -69.8944 -65.7966 14822.00 12144.78 NaN     
treeLikelihood.full                      -104.990 0.013309 1.135552 -104.899 -107.258 -102.926 24727.15 7279.850 NaN     
treeLikelihood.give                      -81.5840 0.012455 1.218913 -81.4979 -84.1065 -79.3191 18793.40 9578.358 NaN     
treeLikelihood.good                      -127.099 0.01296  1.098754 -127.042 -129.280 -125.022 25042.97 7188.043 NaN     
treeLikelihood.grease_fat                -70.9010 0.011979 1.107103 -70.8533 -73.0424 -68.7516 21075.56 8541.172 NaN     
treeLikelihood.green                     -102.823 0.009748 1.074671 -102.774 -104.844 -100.633 14809.67 12154.88 NaN     
treeLikelihood.hair                      -101.627 0.013994 1.357902 -101.565 -104.291 -98.9766 19118.40 9415.534 NaN     
treeLikelihood.hand                      -34.4928 0.013116 1.334315 -34.2982 -37.3336 -32.1942 17394.58 10348.62 NaN     
treeLikelihood.head                      -79.7232 0.010614 1.067744 -79.6559 -81.8853 -77.7796 17787.43 10120.06 NaN     
treeLikelihood.hear                      -45.1756 0.009309 0.974489 -45.1052 -47.1061 -43.3811 16427.34 10957.94 NaN     
treeLikelihood.heart                     -76.1225 0.010424 1.155237 -76.0496 -78.3808 -73.9617 14656.58 12281.85 NaN     
treeLikelihood.heavy                     -31.6676 0.01054  0.950364 -31.5913 -33.4797 -29.8268 22140.21 8130.454 NaN     
treeLikelihood.horn                      -23.6469 0.007923 0.691125 -23.5670 -25.0096 -22.4154 23655.41 7609.673 NaN     
treeLikelihood.hot                       -93.5287 0.010404 1.159972 -93.4563 -95.8279 -91.2927 14480.57 12431.13 NaN     
treeLikelihood.i                         -23.1191 0.010823 0.761613 -23.0307 -24.6412 -21.7693 36352.44 4951.799 NaN     
treeLikelihood.kill                      -32.7514 0.008024 0.757714 -32.6840 -34.2292 -31.3220 20185.83 8917.640 NaN     
treeLikelihood.knee                      -62.2963 0.00981  1.082419 -62.2978 -64.4341 -60.0917 14786.35 12174.06 NaN     
treeLikelihood.know                      -83.8948 0.011438 1.280693 -83.8245 -86.4483 -81.5134 14357.76 12537.46 NaN     
treeLikelihood.leaf                      -75.9940 0.041663 1.473255 -75.7833 -79.2754 -73.5451 143956.8 1250.444 NaN     
treeLikelihood.lie                       -59.2037 0.008839 0.988409 -59.1235 -61.2031 -57.4315 14394.82 12505.18 NaN     
treeLikelihood.liver                     -27.1204 0.018391 1.533356 -26.8034 -30.4969 -24.7479 25895.94 6951.282 NaN     
treeLikelihood.long                      -82.3037 0.009992 1.033546 -82.2758 -84.3356 -80.2935 16824.64 10699.18 NaN     
treeLikelihood.louse                     -58.1185 0.013871 1.160174 -58.0556 -60.4430 -55.9446 25733.04 6995.284 NaN     
treeLikelihood.man                       -79.3575 0.008635 0.947397 -79.2727 -81.1666 -77.5151 14952.36 12038.89 NaN     
treeLikelihood.many                      -78.5044 0.00891  0.95847  -78.4252 -80.4218 -76.6980 15555.10 11572.40 NaN     
treeLikelihood.meat                      -85.6425 0.010159 1.161202 -85.6013 -88.0094 -83.4520 13776.99 13065.98 NaN     
treeLikelihood.moon                      -11.7236 0.012934 0.638221 -11.6331 -12.9598 -10.6232 73924.49 2435.052 NaN     
treeLikelihood.mountain                  -98.4154 0.010971 1.230356 -98.3395 -100.788 -95.9897 14313.99 12575.80 NaN     
treeLikelihood.mouth                     -53.1841 0.011511 1.0431   -53.1240 -55.2682 -51.2139 21920.91 8211.792 NaN     
treeLikelihood.name                      -28.8748 0.009579 0.856718 -28.8054 -30.4928 -27.2245 22504.26 7998.926 NaN     
treeLikelihood.navel_bellybutton         -68.0379 0.009278 0.967739 -67.9369 -70.0213 -66.3060 16545.88 10879.44 NaN     
treeLikelihood.neck                      -87.6582 0.014441 1.47419  -87.6157 -90.5943 -84.7963 17272.64 10421.68 NaN     
treeLikelihood.new                       -88.8770 0.012255 1.184648 -88.8068 -91.1930 -86.5871 19262.59 9345.054 NaN     
treeLikelihood.night                     -33.0951 0.007555 0.723433 -33.0299 -34.4936 -31.7428 19631.70 9169.349 NaN     
treeLikelihood.no_not                    -65.4632 0.011273 1.077584 -65.3835 -67.5962 -63.4690 19701.92 9136.671 NaN     
treeLikelihood.nose                      -46.3356 0.00862  0.935129 -46.2645 -48.2101 -44.6450 15297.17 11767.53 NaN     
treeLikelihood.old                       -130.416 0.016216 1.237992 -130.355 -132.794 -128.025 30884.50 5828.489 NaN     
treeLikelihood.one                       -53.9768 0.008974 1.023867 -53.9160 -55.9866 -52.0342 13828.10 13017.68 NaN     
treeLikelihood.path_road                 -30.8684 0.011889 0.907518 -30.7851 -32.6283 -29.1814 30891.77 5827.117 NaN     
treeLikelihood.person                    -62.7569 0.00883  0.991958 -62.6911 -64.7040 -60.9164 14262.82 12620.92 NaN     
treeLikelihood.rain                      -97.9662 0.010595 1.088958 -97.8908 -100.164 -95.9063 17041.35 10563.12 NaN     
treeLikelihood.red                       -88.2492 0.008939 0.953831 -88.1841 -90.1191 -86.4326 15810.66 11385.35 NaN     
treeLikelihood.root                      -50.8650 0.008958 0.906171 -50.7907 -52.6744 -49.1695 17590.81 10233.18 NaN     
treeLikelihood.rope                      -122.621 0.011863 1.243179 -122.559 -125.094 -120.294 16390.68 10982.45 NaN     
treeLikelihood.round                     -131.919 0.013662 1.194559 -131.835 -134.301 -129.684 23546.72 7644.798 NaN     
treeLikelihood.salt                      -42.9836 0.008879 0.954608 -42.9213 -44.8757 -41.1851 15571.37 11560.31 NaN     
treeLikelihood.sand                      -72.1467 0.012404 1.247983 -72.0570 -74.5984 -69.8148 17782.45 10122.89 NaN     
treeLikelihood.say                       -125.134 0.013276 1.258011 -125.095 -127.659 -122.736 20047.80 8979.037 NaN     
treeLikelihood.see                       -79.6158 0.014219 1.350954 -79.6195 -82.3532 -76.8847 19940.73 9027.249 NaN     
treeLikelihood.seed                      -60.4553 0.009436 1.05234  -60.3841 -62.4893 -58.4040 14474.00 12436.77 NaN     
treeLikelihood.sharp_blade               -71.6965 0.009301 0.962306 -71.6186 -73.6546 -69.9355 16817.91 10703.46 NaN     
treeLikelihood.short                     -121.577 0.012411 1.14686  -121.510 -123.921 -119.444 21080.54 8539.151 NaN     
treeLikelihood.sing                      -108.633 0.011923 1.169461 -108.575 -110.995 -106.436 18709.92 9621.096 NaN     
treeLikelihood.sit_sit_down              -96.9910 0.010431 1.144538 -96.9339 -99.1762 -94.7384 14952.18 12039.04 NaN     
treeLikelihood.six                       -49.3656 0.01395  1.237097 -49.2375 -51.8295 -47.1400 22889.21 7864.403 NaN     
treeLikelihood.skin                      -94.2800 0.011237 1.126149 -94.2237 -96.4274 -92.0648 17922.89 10043.58 NaN     
treeLikelihood.sky                       -55.8978 0.01156  1.313038 -55.8470 -58.3259 -53.2938 13953.89 12900.34 NaN     
treeLikelihood.sleep                     -42.4833 0.010618 1.088552 -42.4029 -44.5713 -40.3949 17126.71 10510.48 NaN     
treeLikelihood.small                     -120.210 0.014508 1.318413 -120.146 -122.883 -117.786 21797.02 8258.468 NaN     
treeLikelihood.smoke                     -78.2239 0.009168 0.984651 -78.1569 -80.2329 -76.4118 15604.04 11536.11 NaN     
treeLikelihood.snake                     -80.8660 0.010178 1.119404 -80.8211 -83.0555 -78.7083 14882.51 12095.40 NaN     
treeLikelihood.snow                      -73.1628 0.010894 1.150861 -73.1428 -75.4450 -70.8621 16130.25 11159.77 NaN     
treeLikelihood.stand_up                  -58.3819 0.009633 1.029996 -58.3004 -60.4154 -56.4422 15746.45 11431.77 NaN     
treeLikelihood.star                      -84.5746 0.010764 1.179852 -84.5091 -86.9165 -82.3333 14981.48 12015.49 NaN     
treeLikelihood.stone_rock                -36.4318 0.008231 0.86378  -36.3780 -38.1609 -34.8606 16343.68 11014.04 NaN     
treeLikelihood.sun                       -67.9098 0.011987 1.155594 -67.8447 -70.1999 -65.7136 19369.16 9293.636 NaN     
treeLikelihood.swim                      -77.0331 0.011006 0.982302 -76.9526 -79.0016 -75.2133 22596.50 7966.276 NaN     
treeLikelihood.tail                      -26.8136 0.008061 0.70303  -26.7254 -28.1839 -25.6107 23663.94 7606.930 NaN     
treeLikelihood.that                      -158.109 0.013502 1.335864 -158.052 -160.717 -155.524 18389.47 9788.748 NaN     
treeLikelihood.this                      -129.634 0.013747 1.480417 -129.564 -132.535 -126.746 15522.65 11596.59 NaN     
treeLikelihood.three                     -9.13021 0.012774 0.6938   -9.03794 -10.4742 -7.91928 61020.49 2949.992 NaN     
treeLikelihood.tongue                    -32.3020 0.008345 0.812298 -32.2330 -33.8905 -30.8293 18999.73 9474.341 NaN     
treeLikelihood.tooth                     -11.1455 0.014352 0.640702 -11.0553 -12.4254 -10.0734 90328.50 1992.837 NaN     
treeLikelihood.tree                      -98.1124 0.012477 1.418772 -98.0246 -100.913 -95.4449 13922.70 12929.24 NaN     
treeLikelihood.two                       -30.1936 0.00877  0.790402 -30.1295 -31.7302 -28.7350 22159.72 8123.295 NaN     
treeLikelihood.vomit                     -93.4940 0.015936 1.343372 -93.4195 -96.1420 -90.8917 25330.28 7106.511 NaN     
treeLikelihood.walk                      -112.798 0.011133 1.216699 -112.733 -115.184 -110.410 15071.79 11943.50 NaN     
treeLikelihood.water                     -16.3718 0.010544 0.701097 -16.2888 -17.7419 -15.0819 40712.94 4421.443 NaN     
treeLikelihood.we                        -71.6504 0.00916  1.001281 -71.5964 -73.6215 -69.7782 15066.69 11947.53 NaN     
treeLikelihood.what                      -96.8573 0.011579 1.249587 -96.7911 -99.2776 -94.4061 15455.96 11646.63 NaN     
treeLikelihood.white                     -77.2098 0.01117  1.316574 -77.2175 -79.7291 -74.4378 12958.38 13891.38 NaN     
treeLikelihood.who                       -74.1052 0.017566 1.965618 -74.1333 -77.8817 -70.3427 14376.83 12520.83 NaN     
treeLikelihood.wind                      -56.7311 0.010325 1.145688 -56.6427 -59.0374 -54.6213 14619.01 12313.41 NaN     
treeLikelihood.woman                     -105.951 0.010607 0.944599 -105.869 -107.800 -104.164 22696.12 7931.311 NaN     
treeLikelihood.year                      -96.8049 0.009526 1.087716 -96.7443 -99.0119 -94.7363 13806.51 13038.04 NaN     
treeLikelihood.yellow                    -84.3065 0.011869 1.012506 -84.2267 -86.3532 -82.4628 24734.23 7277.766 NaN     
treeLikelihood.you_sing                  -69.6493 0.013957 1.113101 -69.5706 -71.8553 -67.5534 28300.64 6360.633 NaN     
mutationRate.s:all                       1.342448 0.007725 0.533014 1.278456 0.453465 2.410467 37807.68 4761.201 1.237622
mutationRate.s:arm                       0.62948  0.002172 0.194716 0.605881 0.274782 1.020194 22405.75 8034.095 0.600071
mutationRate.s:ash                       0.686844 0.00325  0.289564 0.635196 0.208965 1.250698 22676.87 7938.041 0.630551
mutationRate.s:bark                      0.560568 0.002694 0.227026 0.520342 0.174746 1.003333 25351.11 7100.675 0.51815 
mutationRate.s:belly                     1.280696 0.004437 0.408916 1.235872 0.531692 2.071377 21195.32 8492.908 1.216845
mutationRate.s:big                       0.764382 0.002681 0.23754  0.736673 0.343218 1.234814 22938.30 7847.570 0.728031
mutationRate.s:bird                      1.245724 0.006338 0.467829 1.197408 0.450394 2.160702 33038.06 5448.563 1.157567
mutationRate.s:bite                      0.106829 0.001188 0.077687 0.082389 0.014303 0.265984 42088.89 4276.899 0.084794
mutationRate.s:black                     0.705561 0.002791 0.257765 0.683371 0.255294 1.207399 21100.79 8530.957 0.657623
mutationRate.s:blood                     0.264738 0.001537 0.128681 0.237949 0.068923 0.517471 25668.71 7012.817 0.237584
mutationRate.s:bone                      0.273072 0.001607 0.144105 0.248766 0.05523  0.546069 22372.18 8046.152 0.236636
mutationRate.s:breast                    0.167634 0.001515 0.110506 0.136355 0.030439 0.391509 33841.33 5319.234 0.139279
mutationRate.s:burn                      0.884557 0.00368  0.31419  0.856365 0.306879 1.490241 24699.93 7287.874 0.828224
mutationRate.s:claw_nail                 0.235363 0.001507 0.128403 0.210374 0.051188 0.492895 24795.02 7259.923 0.203064
mutationRate.s:cloud                     1.637348 0.00672  0.515264 1.58522  0.711275 2.663657 30622.24 5878.407 1.557401
mutationRate.s:cold                      0.732826 0.003142 0.282147 0.70109  0.248696 1.274082 22319.29 8065.220 0.678652
mutationRate.s:come                      0.87963  0.004117 0.321832 0.847963 0.303725 1.505259 29457.51 6110.833 0.820329
mutationRate.s:die                       0.534139 0.002105 0.197975 0.509933 0.176682 0.912432 20359.29 8841.661 0.498443
mutationRate.s:dirty                     2.56004  0.01432  0.790224 2.458379 1.159245 4.168268 59115.71 3045.044 2.441375
mutationRate.s:dog                       0.751479 0.002705 0.265484 0.719649 0.274387 1.255953 18683.80 9634.545 0.705105
mutationRate.s:drink                     0.440552 0.002085 0.198782 0.400398 0.131608 0.836364 19812.22 9085.802 0.399357
mutationRate.s:dry                       0.196249 0.00153  0.122462 0.157715 0.039082 0.448677 28115.16 6402.595 0.165471
mutationRate.s:ear                       0.179006 0.001367 0.101543 0.156399 0.027589 0.383033 32643.17 5514.475 0.153428
mutationRate.s:earth                     0.43293  0.00242  0.188789 0.388382 0.161413 0.823167 29568.42 6087.912 0.397882
mutationRate.s:eat                       0.374029 0.001929 0.16636  0.35342  0.086644 0.687683 24199.73 7438.510 0.337238
mutationRate.s:egg                       0.556516 0.002586 0.234747 0.513159 0.178233 1.029419 21845.37 8240.187 0.510077
mutationRate.s:eye                       0.166875 0.00141  0.106396 0.135024 0.030032 0.383671 31621.23 5692.693 0.139068
mutationRate.s:feather                   0.908008 0.003342 0.298203 0.881203 0.378943 1.489352 22604.77 7963.363 0.858997
mutationRate.s:fire                      0.477393 0.002184 0.209087 0.442254 0.141123 0.893524 19636.06 9167.315 0.434216
mutationRate.s:fish                      0.280465 0.001636 0.137396 0.248462 0.077811 0.563813 25518.35 7054.139 0.253284
mutationRate.s:five                      0.680336 0.003069 0.284009 0.634091 0.195768 1.232622 21017.27 8564.860 0.622761
mutationRate.s:fly                       0.655799 0.003043 0.276219 0.610198 0.22145  1.220785 21843.58 8240.862 0.602267
mutationRate.s:foot                      0.89584  0.003814 0.330969 0.846161 0.349853 1.549311 23904.36 7530.425 0.837953
mutationRate.s:four                      0.551629 0.002356 0.210997 0.51385  0.217707 0.990318 22439.59 8021.981 0.51457 
mutationRate.s:full                      2.57041  0.015253 0.817502 2.485344 1.09925  4.238116 62668.79 2872.402 2.441461
mutationRate.s:give                      0.585754 0.002101 0.189263 0.567988 0.231314 0.956602 22175.51 8117.511 0.555179
mutationRate.s:good                      1.893796 0.009644 0.609986 1.820016 0.790683 3.116377 44998.20 4000.381 1.798698
mutationRate.s:grease_fat                0.505598 0.002529 0.229514 0.472932 0.134318 0.946636 21863.75 8233.260 0.454506
mutationRate.s:green                     1.377427 0.006223 0.476549 1.324289 0.547536 2.317796 30698.05 5863.889 1.295147
mutationRate.s:hair                      1.062442 0.003644 0.331015 1.048187 0.409456 1.669804 21820.83 8249.454 1.008998
mutationRate.s:hand                      0.17111  0.001347 0.102859 0.143432 0.031232 0.378938 30856.66 5833.747 0.145824
mutationRate.s:head                      0.494881 0.002671 0.224473 0.453218 0.13865  0.945982 25481.34 7064.382 0.448952
mutationRate.s:hear                      0.331008 0.001862 0.167096 0.28918  0.089903 0.673235 22360.84 8050.231 0.294955
mutationRate.s:heart                     0.702402 0.002905 0.267323 0.650799 0.264909 1.233705 21256.07 8468.638 0.655684
mutationRate.s:heavy                     0.223759 0.001387 0.116784 0.201787 0.045118 0.455907 25385.34 7091.098 0.195511
mutationRate.s:horn                      0.16874  0.001343 0.107746 0.139033 0.026782 0.382019 27959.04 6438.345 0.140551
mutationRate.s:hot                       1.156932 0.003597 0.3308   1.128185 0.53622  1.796287 21284.81 8457.204 1.109326
mutationRate.s:i                         0.082955 0.000955 0.061737 0.062776 0.008136 0.207512 43032.63 4183.104 0.065989
mutationRate.s:kill                      0.209358 0.001487 0.123215 0.174618 0.049532 0.472952 26214.21 6866.884 0.17864 
mutationRate.s:knee                      0.519481 0.002562 0.235601 0.486512 0.135679 0.972628 21282.15 8458.258 0.467376
mutationRate.s:know                      0.488114 0.002356 0.213815 0.456356 0.129662 0.9029   21847.68 8239.318 0.442697
mutationRate.s:leaf                      0.660403 0.003188 0.257834 0.621382 0.21845  1.18114  27526.98 6539.401 0.611869
mutationRate.s:lie                       0.420088 0.00226  0.202574 0.381532 0.111766 0.8262   22405.11 8034.325 0.37513 
mutationRate.s:liver                     0.170852 0.001458 0.11087  0.140304 0.029352 0.391452 31150.27 5778.761 0.142984
mutationRate.s:long                      0.800034 0.003243 0.293022 0.759459 0.305884 1.370614 22053.96 8162.252 0.748553
mutationRate.s:louse                     0.468294 0.001933 0.174144 0.447442 0.140759 0.803558 22185.71 8113.780 0.435979
mutationRate.s:man                       0.853238 0.004037 0.339357 0.802232 0.289598 1.544387 25471.84 7067.018 0.788599
mutationRate.s:many                      0.781273 0.003363 0.306731 0.74179  0.257278 1.378847 21643.59 8317.011 0.722652
mutationRate.s:meat                      0.975192 0.003503 0.323352 0.946542 0.402876 1.597444 21124.57 8521.355 0.921738
mutationRate.s:moon                      0.050571 0.00086  0.043925 0.037197 0.004854 0.141075 68986.26 2609.359 0.038309
mutationRate.s:mountain                  0.771758 0.002825 0.251182 0.748591 0.300127 1.273155 22766.96 7906.632 0.730709
mutationRate.s:mouth                     0.418227 0.002028 0.184539 0.392745 0.105066 0.770501 21747.02 8277.452 0.378477
mutationRate.s:name                      0.169469 0.001347 0.103241 0.141874 0.02913  0.375715 30636.14 5875.740 0.143423
mutationRate.s:navel_bellybutton         0.978074 0.003908 0.325982 0.945963 0.386153 1.633165 25871.68 6957.798 0.923009
mutationRate.s:neck                      0.588839 0.002577 0.231197 0.548425 0.218993 1.071838 22356.04 8051.960 0.546402
mutationRate.s:new                       1.027259 0.004503 0.373856 0.994915 0.352913 1.722025 26114.91 6892.995 0.957993
mutationRate.s:night                     0.254391 0.001755 0.148309 0.213007 0.052324 0.551732 25199.61 7143.364 0.216912
mutationRate.s:no_not                    0.550993 0.002459 0.210512 0.533113 0.158336 0.961777 24556.28 7330.506 0.509161
mutationRate.s:nose                      0.350359 0.001836 0.174382 0.309571 0.089502 0.703018 19945.08 9025.281 0.312214
mutationRate.s:old                       1.884729 0.010046 0.601972 1.830727 0.795871 3.079442 50135.43 3590.474 1.787442
mutationRate.s:one                       0.408221 0.002222 0.199267 0.375982 0.096119 0.791084 22373.76 8045.584 0.361531
mutationRate.s:path_road                 0.135143 0.001164 0.079245 0.118027 0.021707 0.294468 38816.73 4637.433 0.115235
mutationRate.s:person                    0.442906 0.002531 0.206412 0.408292 0.115598 0.846624 27069.23 6649.985 0.397698
mutationRate.s:rain                      1.152326 0.004227 0.356916 1.130315 0.484255 1.847721 25250.77 7128.889 1.095254
mutationRate.s:red                       1.080617 0.005243 0.403474 1.024074 0.388285 1.86712  30393.31 5922.684 1.007384
mutationRate.s:root                      0.455652 0.002022 0.192778 0.422569 0.144205 0.832638 19810.00 9086.820 0.417701
mutationRate.s:rope                      1.686215 0.008179 0.525199 1.641265 0.736547 2.727738 43658.99 4123.091 1.604293
mutationRate.s:round                     2.399687 0.009899 0.623963 2.332117 1.245547 3.571632 45307.95 3973.032 2.323376
mutationRate.s:salt                      0.311292 0.001716 0.154264 0.291266 0.065161 0.60964  22280.21 8079.365 0.273026
mutationRate.s:sand                      0.683284 0.002679 0.256446 0.658565 0.208783 1.167052 19649.73 9160.939 0.634302
mutationRate.s:say                       1.440957 0.006044 0.466493 1.40206  0.586031 2.353307 30218.45 5956.954 1.365292
mutationRate.s:see                       0.552463 0.002394 0.215572 0.511758 0.211091 0.999418 22201.02 8108.182 0.51421 
mutationRate.s:seed                      0.464623 0.002205 0.20572  0.431415 0.126388 0.870629 20680.64 8704.275 0.420502
mutationRate.s:sharp_blade               0.90768  0.004531 0.393534 0.845283 0.256611 1.67846  23858.48 7544.905 0.826426
mutationRate.s:short                     2.383334 0.011893 0.730929 2.278331 1.122423 3.837501 47661.26 3776.861 2.278129
mutationRate.s:sing                      1.36819  0.004722 0.38434  1.333096 0.675931 2.139622 27170.59 6625.176 1.314871
mutationRate.s:sit_sit_down              0.877516 0.003134 0.281446 0.848159 0.378163 1.435457 22318.66 8065.448 0.832928
mutationRate.s:six                       0.298969 0.00193  0.167692 0.258637 0.058127 0.635812 23836.38 7551.901 0.258007
mutationRate.s:skin                      0.88899  0.003668 0.313398 0.843279 0.348508 1.502254 24655.93 7300.877 0.836677
mutationRate.s:sky                       0.376824 0.002038 0.173381 0.347271 0.105037 0.727258 24878.80 7235.476 0.339341
mutationRate.s:sleep                     0.194545 0.001362 0.110516 0.167436 0.03677  0.410774 27343.48 6583.286 0.168064
mutationRate.s:small                     1.803958 0.00595  0.45783  1.765794 1.014109 2.768972 30399.92 5921.396 1.746641
mutationRate.s:smoke                     0.707661 0.003074 0.275272 0.657133 0.268889 1.264796 22442.13 8021.074 0.657803
mutationRate.s:snake                     0.782984 0.003413 0.317336 0.749377 0.250352 1.392456 20820.99 8645.600 0.718322
mutationRate.s:snow                      0.632859 0.00251  0.239995 0.594368 0.235041 1.116338 19686.82 9143.678 0.589776
mutationRate.s:stand_up                  0.474951 0.001993 0.187542 0.448099 0.157906 0.845057 20328.29 8855.143 0.439607
mutationRate.s:star                      0.617143 0.002685 0.228898 0.59294  0.211755 1.067615 24761.13 7269.860 0.574906
mutationRate.s:stone_rock                0.209577 0.001605 0.128335 0.175137 0.039736 0.467265 28151.62 6394.302 0.176214
mutationRate.s:sun                       0.58302  0.002187 0.206828 0.545006 0.246434 0.998026 20132.08 8941.449 0.550071
mutationRate.s:swim                      1.808628 0.012399 0.736748 1.707107 0.55954  3.218902 50981.01 3530.922 1.668354
mutationRate.s:tail                      0.190886 0.001455 0.11978  0.158172 0.029273 0.431028 26543.29 6781.751 0.159235
mutationRate.s:that                      1.93437  0.007126 0.495429 1.904958 0.982371 2.911959 37246.14 4832.983 1.86955 
mutationRate.s:this                      1.463186 0.003751 0.32815  1.440733 0.84271  2.11722  23526.57 7651.347 1.426323
mutationRate.s:three                     0.046545 0.000842 0.045016 0.031856 0.001613 0.140401 62976.65 2858.360 0.032858
mutationRate.s:tongue                    0.213146 0.001521 0.1323   0.176479 0.03455  0.480226 23806.41 7561.408 0.178917
mutationRate.s:tooth                     0.052895 0.000889 0.047156 0.036944 0.003748 0.147173 63992.79 2812.972 0.039863
mutationRate.s:tree                      1.185814 0.003922 0.32424  1.167862 0.574931 1.837941 26337.31 6834.789 1.140169
mutationRate.s:two                       0.148246 0.001257 0.096858 0.120852 0.022557 0.344041 30307.92 5939.370 0.122643
mutationRate.s:vomit                     1.335199 0.004866 0.391035 1.307684 0.567448 2.09738  27876.94 6457.308 1.276602
mutationRate.s:walk                      1.261695 0.004262 0.369567 1.235952 0.575723 1.98181  23937.47 7520.007 1.206608
mutationRate.s:water                     0.085809 0.001011 0.064436 0.066088 0.01096  0.220542 44290.68 4064.285 0.067666
mutationRate.s:we                        0.598027 0.002615 0.255281 0.569885 0.162715 1.078508 18895.21 9526.751 0.543178
mutationRate.s:what                      1.299603 0.004156 0.376875 1.273679 0.593904 2.026921 21890.28 8223.284 1.244294
mutationRate.s:white                     0.72976  0.002849 0.257232 0.708455 0.264495 1.234125 22077.78 8153.444 0.683222
mutationRate.s:who                       0.66687  0.002858 0.248597 0.639506 0.219022 1.141025 23795.15 7564.984 0.61971 
mutationRate.s:wind                      0.502747 0.002195 0.210652 0.471671 0.138947 0.906427 19544.68 9210.177 0.459928
mutationRate.s:woman                     1.667818 0.007509 0.545443 1.629561 0.660759 2.729122 34119.63 5275.847 1.577109
mutationRate.s:year                      1.05478  0.004613 0.384236 1.011425 0.392692 1.834542 25940.67 6939.293 0.984877
mutationRate.s:yellow                    0.918444 0.004159 0.344378 0.879684 0.304791 1.570069 26258.31 6855.352 0.853834
mutationRate.s:you_sing                  0.906167 0.003544 0.324799 0.885415 0.339577 1.531096 21435.69 8397.676 0.846964
TreeHeight.t:utoaztecan                  5571.147 19.20599 1225.071 5442.024 3505.341 7899.846 44243.29 4068.639 5440.505
bcov_alpha.s:all                         0.167315 0.00223  0.074804 0.163345 0.02147  0.30837  159911.6 1125.683 0.146687
bcov_s.s:all                             0.422059 0.004377 0.1619   0.395657 0.150802 0.756704 131570.3 1368.165 0.390412
frequencies.s:all1                       0.983851 2.34E-5  0.001586 0.983892 0.980746 0.986903 39350.42 4574.537 0.98385 
frequencies.s:all2                       0.016149 2.34E-5  0.001586 0.016108 0.013097 0.019254 39350.42 4574.537 0.016071
hiddenfrequencies.s:all1                 0.5      0        0        0.5      0.5      0.5      NaN      NaN      0.5     
hiddenfrequencies.s:all2                 0.5      0        0        0.5      0.5      0.5      NaN      NaN      0.5     
BirthDeathSkySerial.t:utoaztecan         -317.091 0.053685 4.158692 -316.997 -325.104 -308.826 29998.07 6000.717 NaN     
origin.t:utoaztecan                      6743.822 19.89553 1497.954 6663.573 4141.367 9611.996 31754.90 5668.731 6574.028
rho.t:utoaztecan                         0.86563  0.00105  0.136366 0.912507 0.57895  0.999997 10668.95 16872.31 0.852593
becomeUninfectiousRate.t:utoaztecan      0.000214 5.35E-7  6.38E-5  0.000207 0.000101 0.000342 12661.53 14217.07 0.000205
reproductiveNumber.t:tree                3.165473 0.008699 1.144783 2.938324 1.391254 5.451259 10395.14 17316.73 2.987145
logP(mrca(PNUA1))                        -7.33292 0.010487 1.004214 -7.09549 -9.29956 -6.1904  19629.83 9170.227 NaN     
mrcatime(PNUA1)                          3498.876 2.823176 264.2487 3462.870 3044.107 4022.083 20546.92 8760.921 3489.240
monophyletic(PUA1)                       0.809622 0.006109 0.3926   1        0        1        43583.41 4130.241 NaN     
mrcatime(PUA1)                           4094.809 7.043198 474.6978 4029.461 3258.226 5025.079 39627.97 4542.498 4068.568
monophyletic(PSUA1)                      0.980668 0.002129 0.13769  1        1        1        43022.26 4184.112 NaN     
mrcatime(PSUA1)                          3298.600 9.329105 455.6932 3238.086 2480.856 4185.294 75445.15 2385.971 3269.104
logP(mrca(PTakic1))                      -6.59242 0.004185 0.561548 -6.37810 -7.69361 -6.21020 10000    18001    NaN     
mrcatime(PTakic1)                        2843.112 0.991381 127.3905 2821.685 2631.228 3095.316 10901.93 16511.75 2840.336
monophyletic(Tubatulabel-origin1)        1        0        0        1        1        1        NaN      NaN      1       
logP(mrca(Tubatulabel-origin1))          -6.28701 0.014015 1.625997 -5.72174 -9.65867 -4.70643 13372.55 13461.14 NaN     
mrcatime(Tubatulabel-origin1.originate)  2567.781 1.796113 207.5701 2489.753 2382.297 3003.188 13478.26 13355.57 2560.199
logP(mrca(PNumic1))                      -5.48622 0.007357 0.871261 -5.17433 -7.32834 -4.70643 12834.49 14025.48 NaN     
mrcatime(PNumic1)                        1372.286 0.727551 84.44029 1346.078 1282.151 1542.966 13363.62 13470.15 1369.881
logP(mrca(PNahua1))                      -6.09184 0.003815 0.511868 -5.89643 -7.10671 -5.74214 10000    18001    NaN     
mrcatime(PNahua1)                        1642.234 0.574306 74.78804 1625.475 1533.094 1789.882 10614.97 16958.12 1640.601
ucldMean.c:utoaztecan                    1.58E-5  6.62E-8  2.94E-6  1.54E-5  1.07E-5  2.19E-5  91635.23 1964.419 1.56E-5 
ucldStdev.c:utoaztecan                   0.599571 0.001874 0.097092 0.592689 0.420705 0.795675 67073.91 2683.755 0.591829
rate.c:utoaztecan.mean                   1.54E-5  4.81E-8  2.37E-6  1.52E-5  1.12E-5  2.04E-5  73921.13 2435.162 1.53E-5 
rate.c:utoaztecan.variance               1.04E-10 1.5E-12  6.89E-11 8.72E-11 1.68E-11 2.29E-10 85347.14 2109.150 8.81E-11
rate.c:utoaztecan.coefficientOfVariation 0.623063 0.00193  0.110362 0.612488 0.416582 0.838586 55023.40 3271.516 0.613625
